00   [1907, 1815, 1736, 1629, 2877, 5151, 5667, 8023, 7940, 5680, 3285, 2112, 1740, 1832, 1913, 2173, 2658, 3205, 3930, 3870, 3455, 2262, 1997, 1901]
01   [1907, 1815, 1736, 1629, 2877, 5151, 5667, 8023, 7940, 5680, 3285, 2112, 1740, 1832, 1913, 2173, 2658, 3205, 3930, 3870, 3455, 2262, 1997, 1901]
02   [1907, 1815, 1736, 1629, 2877, 5151, 5667, 8023, 7940, 5680, 3285, 2112, 1740, 1832, 1913, 2173, 2658, 3205, 3930, 3870, 3455, 2262, 1997, 1901]
03   [1907, 1815, 1736, 1629, 2877, 5151, 5667, 8023, 7940, 5680, 3285, 2112, 1740, 1832, 1913, 2173, 2658, 3205, 3930, 3870, 3455, 2262, 1997, 1901]
04   [1907, 1815, 1736, 1629, 2877, 5151, 5667, 8023, 7940, 5680, 3285, 2112, 1740, 1832, 1913, 2173, 2658, 3205, 3930, 3870, 3455, 2262, 1997, 1901]
05   [1907, 1815, 1736, 1629, 2877, 5151, 5667, 8023, 7940, 5680, 3285, 2112, 1740, 1832, 1913, 2173, 2658, 3205, 3930, 3870, 3455, 2262, 1997, 1901]
06   [1907, 1815, 1736, 1629, 2877, 5151, 5667, 8023, 7940, 5680, 3285, 2112, 1740, 1832, 1913, 2173, 2658, 3205, 3930, 3870, 3455, 2262, 1997, 1901]
07   [1907, 1815, 1736, 1629, 2877, 5151, 5667, 8023, 7940, 5680, 3285, 2112, 1740, 1832, 1913, 2173, 2658, 3205, 3930, 3870, 3455, 2262, 1997, 1901]
08   [1907, 1815, 1736, 1629, 2877, 5151, 5667, 8023, 7940, 5680, 3285, 2112, 1740, 1832, 1913, 2173, 2658, 3205, 3930, 3870, 3455, 2262, 1997, 1901]
09   [1907, 1815, 1736, 1629, 2877, 5151, 5667, 8023, 7940, 5680, 3285, 2112, 1740, 1832, 1913, 2173, 2658, 3205, 3930, 3870, 3455, 2262, 1997, 1901]
10   [1907, 1815, 1736, 1629, 2877, 5151, 5667, 8023, 7940, 5680, 3285, 2112, 1740, 1832, 1913, 2173, 2658, 3205, 3930, 3870, 3455, 2262, 1997, 1901]
11   [1907, 1815, 1736, 1629, 2877, 5151, 5667, 8023, 7940, 5680, 3285, 2112, 1740, 1832, 1913, 2173, 2658, 3205, 3930, 3870, 3455, 2262, 1997, 1901]
12   [1907, 1815, 1736, 1629, 2877, 5151, 5667, 8023, 7940, 5680, 3285, 2112, 1740, 1832, 1913, 2173, 2658, 3205, 3930, 3870, 3455, 2262, 1997, 1901]
13   [1907, 1815, 1736, 1629, 2877, 5151, 5667, 8023, 7940, 5680, 3285, 2112, 1740, 1832, 1913, 2173, 2658, 3205, 3930, 3870, 3455, 2262, 1997, 1901]
14   [1907, 1815, 1736, 1629, 2877, 5151, 5667, 8023, 7940, 5680, 3285, 2112, 1740, 1832, 1913, 2173, 2658, 3205, 3930, 3870, 3455, 2262, 1997, 1901]
15   [1907, 1815, 1736, 1629, 2877, 5151, 5667, 8023, 7940, 5680, 3285, 2112, 1740, 1832, 1913, 2173, 2658, 3205, 3930, 3870, 3455, 2262, 1997, 1901]
16   [1907, 1815, 1736, 1629, 2877, 5151, 5667, 8023, 7940, 5680, 3285, 2112, 1740, 1832, 1913, 2173, 2658, 3205, 3930, 3870, 3455, 2262, 1997, 1901]
17   [1907, 1815, 1736, 1629, 2877, 5151, 5667, 8023, 7940, 5680, 3285, 2112, 1740, 1832, 1913, 2173, 2658, 3205, 3930, 3870, 3455, 2262, 1997, 1901]
18   [1907, 1815, 1736, 1629, 2877, 5151, 5667, 8023, 7940, 5680, 3285, 2112, 1740, 1832, 1913, 2173, 2658, 3205, 3930, 3870, 3455, 2262, 1997, 1901]
19   [1907, 1815, 1736, 1629, 2877, 5151, 5667, 8023, 7940, 5680, 3285, 2112, 1740, 1832, 1913, 2173, 2658, 3205, 3930, 3870, 3455, 2262, 1997, 1901]
20   [1907, 1815, 1736, 1629, 2877, 5151, 5667, 8023, 7940, 5680, 3285, 2112, 1740, 1832, 1913, 2173, 2658, 3205, 3930, 3870, 3455, 2262, 1997, 1901]
21   [1907, 1815, 1736, 1629, 2877, 5151, 5667, 8023, 7940, 5680, 3285, 2112, 1740, 1832, 1913, 2173, 2658, 3205, 3930, 3870, 3455, 2262, 1997, 1901]
22   [1907, 1815, 1736, 1629, 2877, 5151, 5667, 8023, 7940, 5680, 3285, 2112, 1740, 1832, 1913, 2173, 2658, 3205, 3930, 3870, 3455, 2262, 1997, 1901]
23   [1907, 1815, 1736, 1629, 2877, 5151, 5667, 8023, 7940, 5680, 3285, 2112, 1740, 1832, 1913, 2173, 2658, 3205, 3930, 3870, 3455, 2262, 1997, 1901]
