25/01/2015;0.1;-0.3;0.01;7.566666666666666;17.15;9.583333333333332
26/01/2015;8.3;1.7;0.00;7.533333333333333;17.183333333333334;9.65
27/01/2015;0.0;2.6;0.00;7.516666666666667;17.216666666666665;9.7
28/01/2015;6.6;2.5;0.00;7.5;17.25;9.75
29/01/2015;0.3;2.4;0.00;7.466666666666667;17.266666666666666;9.799999999999999
30/01/2015;0.3;1.5;0.00;7.433333333333334;17.3;9.866666666666667
31/01/2015;1.6;1.3;0.00;7.416666666666667;17.333333333333332;9.916666666666664
01/02/2015;0.8;1.3;0.00;7.383333333333334;17.366666666666667;9.983333333333334
02/02/2015;1.0;-1.0;0.00;7.35;17.4;10.049999999999999
03/02/2015;0.0;-3.3;0.01;7.333333333333333;17.433333333333334;10.100000000000001
04/02/2015;0.0;-2.0;0.00;7.3;17.466666666666665;10.166666666666664
05/02/2015;0.0;-1.3;0.00;7.266666666666667;17.5;10.233333333333334
06/02/2015;0.2;-2.0;0.00;7.233333333333333;17.533333333333335;10.3
07/02/2015;0.0;3.6;0.00;7.216666666666667;17.566666666666666;10.35
08/02/2015;0.3;1.7;0.00;7.183333333333334;17.6;10.416666666666668
09/02/2015;0.0;4.1;0.00;7.15;17.633333333333333;10.483333333333333
10/02/2015;0.0;3.9;0.00;7.116666666666666;17.666666666666668;10.55
11/02/2015;0.0;2.2;0.00;7.083333333333333;17.7;10.616666666666667
12/02/2015;0.0;1.5;0.00;7.05;17.733333333333334;10.683333333333334
13/02/2015;0.0;0.3;0.00;7.016666666666667;17.766666666666666;10.75
14/02/2015;0.0;0.8;0.00;6.983333333333333;17.8;10.816666666666666
15/02/2015;0.0;2.7;0.00;6.95;17.833333333333332;10.883333333333333
16/02/2015;0.0;1.6;0.00;6.9;17.866666666666667;10.966666666666667
17/02/2015;0.0;1.2;0.00;6.866666666666667;17.9;11.033333333333331
18/02/2015;0.0;4.2;0.00;6.833333333333333;17.933333333333334;11.100000000000001
19/02/2015;0.0;2.0;0.00;6.8;17.966666666666665;11.166666666666664
20/02/2015;6.8;2.9;0.00;6.766666666666667;18.0;11.233333333333334
21/02/2015;4.5;3.9;0.00;6.716666666666667;18.033333333333335;11.316666666666668
22/02/2015;0.0;3.3;0.00;6.683333333333334;18.066666666666666;11.383333333333333
23/02/2015;2.5;2.8;0.00;6.65;18.1;11.450000000000001
24/02/2015;0.5;4.1;0.00;6.616666666666667;18.15;11.533333333333331
25/02/2015;0.0;2.8;0.00;6.566666666666666;18.183333333333334;11.616666666666667
26/02/2015;0.0;2.4;0.00;6.533333333333333;18.216666666666665;11.683333333333332
27/02/2015;0.0;3.2;0.00;6.5;18.25;11.75
28/02/2015;0.0;2.7;0.00;6.45;18.283333333333335;11.833333333333336
01/03/2015;3.3;3.2;0.00;6.416666666666667;18.316666666666666;11.899999999999999
02/03/2015;2.7;3.3;0.00;6.366666666666666;18.35;11.983333333333334
03/03/2015;1.3;3.7;0.00;6.333333333333333;18.383333333333333;12.05
04/03/2015;0.2;2.9;0.00;6.283333333333333;18.416666666666668;12.133333333333335
05/03/2015;0.0;3.4;0.00;6.25;18.45;12.2
06/03/2015;3.6;4.9;0.00;6.2;18.483333333333334;12.283333333333335
07/03/2015;0.0;6.5;0.00;6.166666666666667;18.516666666666666;12.349999999999998
08/03/2015;0.0;6.9;0.00;6.116666666666666;18.55;12.433333333333334
09/03/2015;0.2;6.8;0.00;6.083333333333333;18.583333333333332;12.5
10/03/2015;0.0;7.0;0.00;6.033333333333333;18.616666666666667;12.583333333333334
11/03/2015;0.0;6.6;0.00;6.0;18.65;12.649999999999999
12/03/2015;0.0;3.3;0.00;5.95;18.683333333333334;12.733333333333334
13/03/2015;0.0;3.4;0.00;5.916666666666667;18.716666666666665;12.799999999999997
14/03/2015;0.0;3.7;0.00;5.866666666666667;18.75;12.883333333333333
15/03/2015;0.0;4.2;0.00;5.833333333333333;18.783333333333335;12.950000000000003
16/03/2015;0.0;6.5;0.00;5.783333333333333;18.816666666666666;13.033333333333333
17/03/2015;0.0;6.9;0.00;5.733333333333333;18.85;13.116666666666667
18/03/2015;0.0;6.6;0.00;5.7;18.883333333333333;13.183333333333334
19/03/2015;0.0;5.3;0.00;5.65;18.916666666666668;13.266666666666667
20/03/2015;2.7;3.2;0.00;5.6;18.95;13.35
21/03/2015;1.6;2.8;0.00;5.566666666666666;18.983333333333334;13.416666666666668
22/03/2015;0.0;-0.3;0.00;5.516666666666667;19.033333333333335;13.51666666666667
23/03/2015;0.2;4.6;0.00;5.466666666666667;19.066666666666666;13.6
24/03/2015;0.0;5.2;0.00;5.433333333333334;19.1;13.666666666666668
25/03/2015;0.0;4.6;0.00;5.383333333333334;19.133333333333333;13.75
26/03/2015;0.4;5.8;0.00;5.333333333333333;19.166666666666668;13.833333333333336
27/03/2015;0.0;4.6;0.00;5.3;19.2;13.899999999999999
28/03/2015;9.4;4.9;0.00;5.25;19.233333333333334;13.983333333333334
29/03/2015;24.6;7.6;0.00;6.2;20.266666666666666;14.066666666666666
30/03/2015;2.5;5.9;0.00;6.166666666666667;20.3;14.133333333333333
31/03/2015;5.1;3.7;0.00;6.116666666666666;20.333333333333332;14.216666666666665
01/04/2015;0.4;4.7;0.00;6.066666666666666;20.366666666666667;14.3
02/04/2015;0.0;4.0;0.00;6.033333333333333;20.416666666666668;14.383333333333335
03/04/2015;0.0;4.8;0.00;5.983333333333333;20.45;14.466666666666665
04/04/2015;1.3;3.0;0.00;5.933333333333334;20.483333333333334;14.55
05/04/2015;0.0;3.6;0.00;5.883333333333333;20.516666666666666;14.633333333333333
06/04/2015;0.0;5.1;0.00;5.85;20.55;14.700000000000001
07/04/2015;0.0;6.4;0.00;5.8;20.583333333333332;14.783333333333331
08/04/2015;0.0;9.1;0.00;5.75;20.616666666666667;14.866666666666667
09/04/2015;0.0;8.0;0.00;5.716666666666667;20.666666666666668;14.950000000000001
10/04/2015;0.0;8.7;0.00;5.666666666666667;20.7;15.033333333333331
11/04/2015;3.9;12.4;0.00;5.616666666666667;20.733333333333334;15.116666666666667
12/04/2015;8.0;9.1;0.00;5.566666666666666;20.766666666666666;15.2
13/04/2015;0.0;6.0;0.00;5.533333333333333;20.8;15.266666666666667
14/04/2015;6.3;6.6;0.00;5.483333333333333;20.833333333333332;15.349999999999998
15/04/2015;0.4;10.5;0.00;5.433333333333334;20.883333333333333;15.45
16/04/2015;0.0;7.7;0.00;5.4;20.916666666666668;15.516666666666667
17/04/2015;3.3;6.9;0.00;5.35;20.95;15.6
18/04/2015;0.0;7.1;0.00;5.3;20.983333333333334;15.683333333333334
19/04/2015;0.0;8.1;0.00;5.266666666666667;21.033333333333335;15.76666666666667
20/04/2015;0.0;11.3;0.00;5.216666666666667;21.066666666666666;15.85
21/04/2015;0.0;10.7;0.00;5.166666666666667;21.1;15.933333333333334
22/04/2015;0.0;10.6;0.00;5.133333333333334;21.133333333333333;16.0
23/04/2015;0.0;10.7;0.00;5.083333333333333;21.183333333333334;16.1
24/04/2015;0.0;10.0;0.00;5.033333333333333;21.216666666666665;16.18333333333333
25/04/2015;2.9;10.0;0.00;5.0;21.25;16.25
26/04/2015;2.6;7.7;0.00;4.95;21.283333333333335;16.333333333333336
27/04/2015;0.0;7.9;0.00;4.9;21.333333333333332;16.43333333333333
28/04/2015;0.0;7.7;0.00;4.866666666666667;21.366666666666667;16.5
29/04/2015;0.0;9.3;0.00;4.816666666666666;21.4;16.583333333333332
30/04/2015;0.7;9.0;0.00;4.783333333333333;21.45;16.666666666666664
01/05/2015;2.0;7.0;0.00;4.733333333333333;21.483333333333334;16.75
02/05/2015;0.0;9.3;0.00;4.7;21.516666666666666;16.816666666666666
03/05/2015;6.5;8.0;0.00;4.65;21.55;16.9
04/05/2015;0.5;12.1;0.00;4.6;21.6;17.0
05/05/2015;7.5;13.2;0.00;4.566666666666666;21.633333333333333;17.066666666666666
06/05/2015;0.0;12.7;0.00;4.516666666666667;21.666666666666668;17.150000000000002
07/05/2015;0.6;10.5;0.00;4.483333333333333;21.716666666666665;17.23333333333333
08/05/2015;0.0;10.2;0.00;4.45;21.75;17.3
09/05/2015;2.2;9.1;0.00;4.4;21.783333333333335;17.383333333333333
10/05/2015;0.6;9.5;0.00;4.366666666666666;21.833333333333332;17.466666666666665
11/05/2015;0.0;10.1;0.00;4.316666666666666;21.866666666666667;17.55
12/05/2015;4.0;12.1;0.00;4.283333333333333;21.9;17.616666666666667
13/05/2015;3.6;10.4;0.00;4.25;21.933333333333334;17.683333333333334
14/05/2015;0.0;11.8;0.00;4.2;21.983333333333334;17.783333333333335
15/05/2015;0.0;12.1;0.00;4.166666666666667;22.016666666666666;17.849999999999998
16/05/2015;3.0;9.3;0.00;4.133333333333334;22.05;17.916666666666668
17/05/2015;4.7;9.7;0.00;4.1;22.083333333333332;17.983333333333334
18/05/2015;7.2;9.4;0.00;4.066666666666666;22.133333333333333;18.066666666666666
19/05/2015;1.2;11.2;0.00;4.016666666666667;22.166666666666668;18.150000000000002
20/05/2015;0.0;11.5;0.00;3.9833333333333334;22.2;18.216666666666665
21/05/2015;0.0;11.2;0.00;3.95;22.233333333333334;18.283333333333335
22/05/2015;1.1;10.8;0.00;3.9166666666666665;22.266666666666666;18.349999999999998
23/05/2015;0.0;11.7;0.00;3.8833333333333333;22.316666666666666;18.433333333333334
24/05/2015;0.0;11.4;0.00;3.85;22.35;18.5
25/05/2015;0.3;10.6;0.00;3.8333333333333335;22.383333333333333;18.55
26/05/2015;0.1;11.4;0.00;3.8;22.416666666666668;18.616666666666667
27/05/2015;0.0;12.1;0.00;3.7666666666666666;22.45;18.683333333333334
28/05/2015;0.2;11.2;0.00;3.7333333333333334;22.483333333333334;18.75
29/05/2015;2.3;11.6;0.00;3.7;22.516666666666666;18.816666666666666
30/05/2015;2.5;11.6;0.00;3.6833333333333336;22.533333333333335;18.85
31/05/2015;9.4;10.5;0.00;3.65;22.566666666666666;18.916666666666668
01/06/2015;0.0;12.9;0.00;3.6333333333333333;22.6;18.96666666666667
02/06/2015;6.4;11.7;0.00;3.6;22.633333333333333;19.03333333333333
03/06/2015;0.0;15.4;0.00;3.5833333333333335;22.666666666666668;19.083333333333336
04/06/2015;0.0;13.3;0.00;3.5666666666666664;22.683333333333334;19.116666666666667
05/06/2015;0.0;13.8;0.00;3.533333333333333;22.716666666666665;19.18333333333333
06/06/2015;0.0;17.4;0.00;3.5166666666666666;22.733333333333334;19.21666666666667
07/06/2015;0.0;13.8;0.00;3.5;22.766666666666666;19.266666666666666
08/06/2015;0.0;12.7;0.00;3.4833333333333334;22.783333333333335;19.3
09/06/2015;1.4;12.3;0.00;3.466666666666667;22.8;19.333333333333336
10/06/2015;0.0;14.1;0.00;3.45;22.833333333333332;19.383333333333333
11/06/2015;0.0;13.7;0.00;3.45;22.85;19.400000000000002
12/06/2015;0.0;15.6;0.00;3.4333333333333336;22.866666666666667;19.433333333333334
13/06/2015;2.0;17.3;0.00;3.4166666666666665;22.883333333333333;19.466666666666665
14/06/2015;0.0;14.4;0.00;3.4166666666666665;22.9;19.48333333333333
15/06/2015;0.0;12.6;0.00;3.4;22.916666666666668;19.51666666666667
16/06/2015;0.0;12.7;0.00;3.4;22.933333333333334;19.533333333333335
17/06/2015;11.7;11.4;0.00;3.4;22.933333333333334;19.533333333333335
18/06/2015;4.3;12.6;0.00;3.3833333333333333;22.95;19.566666666666666
19/06/2015;3.9;13.1;0.00;3.3833333333333333;22.95;19.566666666666666
20/06/2015;4.4;15.2;0.00;3.3833333333333333;22.966666666666665;19.583333333333332
21/06/2015;1.9;14.4;0.00;3.4;22.966666666666665;19.566666666666666
22/06/2015;6.2;13.7;0.00;3.4;22.966666666666665;19.566666666666666
23/06/2015;0.2;14.1;0.00;3.4;22.983333333333334;19.583333333333336
24/06/2015;0.0;13.1;0.00;3.4;22.983333333333334;19.583333333333336
25/06/2015;0.0;14.0;0.00;3.4166666666666665;22.983333333333334;19.566666666666666
26/06/2015;0.3;14.7;0.00;3.4166666666666665;22.966666666666665;19.549999999999997
27/06/2015;0.1;15.4;0.00;3.4333333333333336;22.966666666666665;19.53333333333333
28/06/2015;2.2;15.9;0.00;3.45;22.966666666666665;19.516666666666666
29/06/2015;0.0;17.1;0.00;3.466666666666667;22.95;19.483333333333334
30/06/2015;0.0;17.2;0.00;3.4833333333333334;22.95;19.466666666666665
01/07/2015;0.0;18.0;0.00;3.5;22.933333333333334;19.433333333333334
02/07/2015;0.0;19.0;0.00;3.5166666666666666;22.933333333333334;19.416666666666668
03/07/2015;0.0;21.6;0.00;3.533333333333333;22.916666666666668;19.383333333333333
04/07/2015;0.0;23.2;0.00;3.55;22.9;19.349999999999998
05/07/2015;6.5;24.6;0.00;3.5666666666666664;22.883333333333333;19.316666666666666
06/07/2015;0.0;19.8;0.00;3.6;22.866666666666667;19.266666666666666
07/07/2015;2.2;17.8;0.00;3.6166666666666667;22.85;19.233333333333334
08/07/2015;1.3;17.0;0.00;3.6333333333333333;22.833333333333332;19.2
09/07/2015;6.1;13.5;0.00;3.6666666666666665;22.816666666666666;19.15
10/07/2015;0.0;14.1;0.00;3.7;22.783333333333335;19.083333333333336
11/07/2015;0.0;15.5;0.00;3.716666666666667;22.766666666666666;19.049999999999997
12/07/2015;1.0;17.3;0.00;3.75;22.75;19.0
13/07/2015;0.2;17.3;0.00;3.783333333333333;22.716666666666665;18.93333333333333
14/07/2015;0.0;17.2;0.00;3.8;22.7;18.9
15/07/2015;0.0;16.8;0.00;3.8333333333333335;22.666666666666668;18.833333333333336
16/07/2015;0.0;16.8;0.00;3.8666666666666667;22.633333333333333;18.766666666666666
17/07/2015;0.4;15.7;0.00;3.9;22.616666666666667;18.71666666666667
18/07/2015;0.0;18.3;0.00;3.9333333333333336;22.583333333333332;18.65
19/07/2015;4.1;15.2;0.00;3.966666666666667;22.55;18.583333333333336
20/07/2015;0.0;16.1;0.00;4.0;22.516666666666666;18.516666666666666
21/07/2015;0.8;18.0;0.00;4.033333333333333;22.483333333333334;18.450000000000003
22/07/2015;0.0;19.4;0.00;4.066666666666666;22.45;18.383333333333333
23/07/2015;0.0;17.1;0.00;4.1;22.416666666666668;18.31666666666667
24/07/2015;0.0;15.6;0.00;4.133333333333334;22.383333333333333;18.25
25/07/2015;10.0;17.8;0.00;4.166666666666667;22.35;18.183333333333334
26/07/2015;0.0;15.3;0.00;4.216666666666667;22.316666666666666;18.1
27/07/2015;0.4;14.4;0.00;4.25;22.283333333333335;18.033333333333335
28/07/2015;2.3;16.9;0.00;4.283333333333333;22.25;17.96666666666667
29/07/2015;0.0;15.6;0.00;4.316666666666666;22.2;17.883333333333333
30/07/2015;0.9;16.1;0.00;4.35;22.166666666666668;17.81666666666667
31/07/2015;0.0;15.1;0.00;4.4;22.133333333333333;17.733333333333334
01/08/2015;0.0;14.1;0.00;4.433333333333334;22.1;17.666666666666668
02/08/2015;0.0;17.2;0.00;4.466666666666667;22.05;17.583333333333336
03/08/2015;0.0;18.8;0.00;4.5;22.016666666666666;17.516666666666666
04/08/2015;19.7;20.9;0.00;4.533333333333333;21.966666666666665;17.43333333333333
05/08/2015;0.0;19.4;0.00;4.583333333333333;21.933333333333334;17.35
06/08/2015;0.0;18.6;0.00;4.616666666666667;21.9;17.28333333333333
07/08/2015;0.4;22.4;0.00;4.65;21.85;17.200000000000003
08/08/2015;0.9;19.3;0.00;4.683333333333334;21.816666666666666;17.133333333333333
09/08/2015;0.0;17.9;0.00;4.733333333333333;21.766666666666666;17.03333333333333
10/08/2015;0.0;18.9;0.00;4.766666666666667;21.733333333333334;16.96666666666667
11/08/2015;18.3;20.1;0.00;4.8;21.683333333333334;16.883333333333333
12/08/2015;0.0;18.2;0.00;4.833333333333333;21.633333333333333;16.8
13/08/2015;0.0;17.2;0.00;4.883333333333333;21.6;16.71666666666667
14/08/2015;0.0;18.4;0.00;4.916666666666667;21.55;16.633333333333333
15/08/2015;0.0;20.5;0.00;4.95;21.516666666666666;16.566666666666666
16/08/2015;0.0;20.9;0.00;4.983333333333333;21.466666666666665;16.48333333333333
17/08/2015;0.0;19.6;0.00;5.016666666666667;21.433333333333334;16.416666666666668
18/08/2015;0.0;18.4;0.00;5.066666666666666;21.383333333333333;16.316666666666666
19/08/2015;0.0;18.9;0.00;5.1;21.333333333333332;16.233333333333334
20/08/2015;0.0;19.7;0.00;5.133333333333334;21.3;16.166666666666668
21/08/2015;0.0;19.3;0.00;5.166666666666667;21.25;16.083333333333332
22/08/2015;0.0;18.5;0.00;5.2;21.2;16.0
23/08/2015;0.0;18.7;0.00;5.25;21.166666666666668;15.916666666666668
24/08/2015;5.6;19.4;0.00;5.283333333333333;21.116666666666667;15.833333333333334
25/08/2015;1.4;17.7;0.00;5.316666666666666;21.066666666666666;15.75
26/08/2015;0.0;16.7;0.00;5.35;21.033333333333335;15.683333333333335
27/08/2015;8.9;18.1;0.00;5.383333333333334;20.983333333333334;15.600000000000001
28/08/2015;2.5;16.8;0.00;5.416666666666667;20.933333333333334;15.516666666666666
29/08/2015;0.0;16.6;0.00;5.45;20.883333333333333;15.433333333333334
30/08/2015;0.5;17.6;0.00;5.5;20.85;15.350000000000001
31/08/2015;2.6;17.6;0.00;5.533333333333333;20.8;15.266666666666667
01/09/2015;0.0;18.6;0.00;5.566666666666666;20.75;15.183333333333334
02/09/2015;0.0;17.0;0.00;5.6;20.7;15.1
03/09/2015;4.4;14.1;0.00;5.633333333333333;20.666666666666668;15.033333333333335
04/09/2015;13.2;13.0;0.00;5.666666666666667;20.616666666666667;14.95
05/09/2015;23.0;12.7;0.00;5.7;20.566666666666666;14.866666666666667
06/09/2015;0.1;12.6;0.00;5.733333333333333;20.533333333333335;14.8
07/09/2015;0.0;12.9;0.00;5.766666666666667;20.483333333333334;14.716666666666669
08/09/2015;0.0;13.5;0.00;5.8;20.433333333333334;14.633333333333333
09/09/2015;0.0;12.2;0.00;5.833333333333333;20.383333333333333;14.55
10/09/2015;0.0;13.1;0.00;5.866666666666667;20.35;14.483333333333334
11/09/2015;0.0;15.4;0.00;5.9;20.3;14.4
12/09/2015;0.0;15.7;0.00;5.933333333333334;20.25;14.316666666666666
13/09/2015;0.8;15.1;0.00;5.966666666666667;20.2;14.233333333333333
14/09/2015;9.0;16.9;0.00;6.0;20.166666666666668;14.166666666666668
15/09/2015;3.7;14.1;0.00;6.033333333333333;20.116666666666667;14.083333333333334
16/09/2015;5.7;13.8;0.00;6.066666666666666;20.066666666666666;14.0
17/09/2015;0.9;17.8;0.00;6.1;20.033333333333335;13.933333333333335
18/09/2015;0.0;15.8;0.00;6.133333333333334;19.983333333333334;13.850000000000001
19/09/2015;0.0;13.3;0.00;6.166666666666667;19.933333333333334;13.766666666666666
20/09/2015;8.7;13.2;0.00;6.2;19.9;13.7
21/09/2015;1.5;13.3;0.00;6.233333333333333;19.85;13.616666666666667
22/09/2015;1.8;13.2;0.00;6.266666666666667;19.8;13.533333333333335
23/09/2015;1.3;14.3;0.00;6.3;19.75;13.45
24/09/2015;0.6;12.6;0.00;6.333333333333333;19.716666666666665;13.383333333333333
25/09/2015;2.7;13.2;0.00;6.366666666666666;19.666666666666668;13.3
26/09/2015;0.0;12.4;0.00;6.4;19.616666666666667;13.216666666666667
27/09/2015;0.0;11.1;0.00;6.433333333333334;19.583333333333332;13.149999999999999
28/09/2015;0.0;10.2;0.00;6.466666666666667;19.533333333333335;13.066666666666668
29/09/2015;0.0;11.1;0.00;6.5;19.5;13.0
30/09/2015;0.0;10.7;0.00;6.533333333333333;19.45;12.916666666666666
01/10/2015;0.0;11.9;0.00;6.566666666666666;19.4;12.833333333333332
02/10/2015;0.0;12.5;0.00;6.6;19.366666666666667;12.766666666666667
03/10/2015;0.0;11.7;0.00;6.633333333333333;19.316666666666666;12.683333333333334
04/10/2015;0.0;11.6;0.00;6.666666666666667;19.283333333333335;12.616666666666667
05/10/2015;0.0;10.2;0.00;6.7;19.233333333333334;12.533333333333335
06/10/2015;0.0;12.5;0.00;6.733333333333333;19.183333333333334;12.45
07/10/2015;0.0;10.6;0.00;6.766666666666667;19.15;12.383333333333333
08/10/2015;0.0;9.4;0.00;6.8;19.1;12.3
09/10/2015;0.0;9.8;0.00;6.833333333333333;19.066666666666666;12.233333333333334
10/10/2015;0.0;6.8;0.00;6.866666666666667;19.016666666666666;12.149999999999999
11/10/2015;0.1;7.7;0.00;6.9;18.983333333333334;12.083333333333334
12/10/2015;0.1;7.6;0.00;6.916666666666667;18.933333333333334;12.016666666666666
13/10/2015;8.5;6.7;0.00;6.95;18.9;11.95
14/10/2015;0.4;7.9;0.00;6.983333333333333;18.85;11.866666666666667
15/10/2015;0.0;9.6;0.00;7.016666666666667;18.816666666666666;11.8
16/10/2015;2.0;9.8;0.00;7.05;18.783333333333335;11.733333333333334
17/10/2015;2.6;9.8;0.00;7.083333333333333;18.733333333333334;11.650000000000002
18/10/2015;0.3;8.2;0.00;7.116666666666666;18.7;11.583333333333332
19/10/2015;0.0;8.3;0.00;7.15;18.666666666666668;11.516666666666667
20/10/2015;0.0;9.6;0.00;7.183333333333334;18.616666666666667;11.433333333333334
21/10/2015;2.0;9.7;0.00;7.216666666666667;18.583333333333332;11.366666666666665
22/10/2015;0.6;11.1;0.00;7.25;18.55;11.3
23/10/2015;0.0;11.4;0.00;7.283333333333333;18.5;11.216666666666667
24/10/2015;0.5;9.9;0.00;7.316666666666666;18.466666666666665;11.149999999999999
25/10/2015;0.0;10.8;0.00;6.35;17.433333333333334;11.083333333333334
26/10/2015;0.0;5.3;0.00;6.383333333333334;17.4;11.016666666666666
27/10/2015;0.0;6.2;0.00;6.416666666666667;17.366666666666667;10.95
28/10/2015;0.0;9.3;0.00;6.45;17.316666666666666;10.866666666666667
29/10/2015;0.0;8.2;0.00;6.483333333333333;17.283333333333335;10.8
30/10/2015;0.0;9.5;0.00;6.516666666666667;17.25;10.733333333333334
31/10/2015;0.0;10.0;0.00;6.55;17.216666666666665;10.666666666666664
01/11/2015;0.0;8.1;0.00;6.566666666666666;17.183333333333334;10.616666666666667
02/11/2015;0.5;9.7;0.00;6.6;17.15;10.549999999999999
03/11/2015;0.0;7.1;0.00;6.633333333333333;17.116666666666667;10.483333333333334
04/11/2015;0.0;5.6;0.00;6.666666666666667;17.083333333333332;10.416666666666664
05/11/2015;3.9;8.1;0.00;6.7;17.05;10.350000000000001
06/11/2015;5.3;10.1;0.00;6.733333333333333;17.016666666666666;10.283333333333331
07/11/2015;12.0;12.2;0.00;6.766666666666667;17.0;10.233333333333334
08/11/2015;6.1;9.7;0.00;6.8;16.966666666666665;10.166666666666664
09/11/2015;4.9;11.3;0.00;6.833333333333333;16.933333333333334;10.100000000000001
10/11/2015;2.2;13.1;0.00;6.866666666666667;16.9;10.033333333333331
11/11/2015;7.3;12.2;0.00;6.9;16.883333333333333;9.983333333333333
12/11/2015;0.0;11.0;0.00;6.933333333333334;16.85;9.916666666666668
13/11/2015;1.9;9.7;0.00;6.95;16.816666666666666;9.866666666666667
14/11/2015;0.1;7.2;0.00;6.983333333333333;16.8;9.816666666666666
15/11/2015;0.3;4.9;0.00;7.016666666666667;16.766666666666666;9.75
16/11/2015;4.3;7.8;0.00;7.05;16.75;9.7
17/11/2015;16.4;8.7;0.00;7.083333333333333;16.716666666666665;9.633333333333333
18/11/2015;11.4;10.2;0.00;7.116666666666666;16.7;9.583333333333332
19/11/2015;7.8;8.0;0.00;7.133333333333334;16.666666666666668;9.533333333333335
20/11/2015;0.9;3.6;0.00;7.166666666666667;16.65;9.48333333333333
21/11/2015;13.3;-0.0;0.00;7.2;16.633333333333333;9.433333333333334
22/11/2015;18.0;0.9;0.03;7.233333333333333;16.616666666666667;9.383333333333333
23/11/2015;1.2;-2.7;0.04;7.25;16.583333333333332;9.333333333333332
24/11/2015;11.2;3.5;0.03;7.283333333333333;16.566666666666666;9.283333333333333
25/11/2015;6.7;4.1;0.00;7.316666666666666;16.55;9.233333333333334
26/11/2015;0.0;3.9;0.00;7.333333333333333;16.533333333333335;9.200000000000003
27/11/2015;0.3;4.7;0.00;7.366666666666666;16.516666666666666;9.149999999999999
28/11/2015;9.1;4.7;0.00;7.4;16.5;9.1
29/11/2015;8.5;6.4;0.00;7.416666666666667;16.483333333333334;9.066666666666666
30/11/2015;2.3;5.6;0.00;7.45;16.466666666666665;9.016666666666666
01/12/2015;0.5;5.2;0.00;7.466666666666667;16.466666666666665;8.999999999999998
02/12/2015;1.0;6.4;0.00;7.5;16.45;8.95
03/12/2015;7.3;8.5;0.00;7.516666666666667;16.433333333333334;8.916666666666668
04/12/2015;1.7;7.3;0.00;7.55;16.433333333333334;8.883333333333333
05/12/2015;0.0;8.7;0.00;7.566666666666666;16.416666666666668;8.850000000000001
06/12/2015;0.2;9.4;0.00;7.583333333333333;16.416666666666668;8.833333333333336
07/12/2015;0.0;5.3;0.00;7.6;16.4;8.799999999999999
08/12/2015;4.7;6.7;0.00;7.633333333333333;16.4;8.766666666666666
09/12/2015;0.0;7.3;0.00;7.65;16.4;8.749999999999998
10/12/2015;2.5;6.6;0.00;7.666666666666667;16.383333333333333;8.716666666666665
11/12/2015;1.2;6.3;0.00;7.683333333333334;16.383333333333333;8.7
12/12/2015;5.7;4.8;0.00;7.7;16.383333333333333;8.683333333333334
13/12/2015;0.3;2.6;0.00;7.716666666666667;16.383333333333333;8.666666666666666
14/12/2015;5.2;-0.4;0.00;7.733333333333333;16.383333333333333;8.649999999999999
15/12/2015;0.0;2.0;0.00;7.75;16.383333333333333;8.633333333333333
16/12/2015;2.7;2.9;0.00;7.766666666666667;16.383333333333333;8.616666666666667
17/12/2015;1.1;7.9;0.00;7.783333333333333;16.383333333333333;8.6
18/12/2015;0.6;8.7;0.00;7.8;16.383333333333333;8.583333333333332
19/12/2015;1.2;9.5;0.00;7.8;16.4;8.599999999999998
20/12/2015;0.0;9.0;0.00;7.816666666666666;16.4;8.583333333333332
21/12/2015;2.7;8.9;0.00;7.833333333333333;16.4;8.566666666666666
22/12/2015;9.6;9.5;0.00;7.833333333333333;16.416666666666668;8.583333333333336
23/12/2015;3.0;8.9;0.00;7.85;16.416666666666668;8.566666666666668
24/12/2015;0.7;6.0;0.00;7.85;16.433333333333334;8.583333333333334
25/12/2015;9.0;7.0;0.00;7.85;16.45;8.6
26/12/2015;19.8;4.0;0.00;7.866666666666667;16.45;8.583333333333332
27/12/2015;5.2;6.1;0.00;7.866666666666667;16.466666666666665;8.599999999999998
28/12/2015;0.0;3.0;0.00;7.866666666666667;16.483333333333334;8.616666666666667
29/12/2015;0.0;2.8;0.00;7.866666666666667;16.5;8.633333333333333
30/12/2015;0.0;2.0;0.00;7.866666666666667;16.5;8.633333333333333
31/12/2015;2.5;1.2;0.00;7.866666666666667;16.516666666666666;8.649999999999999
01/01/2016;0.0;3.3;0.00;7.866666666666667;16.533333333333335;8.666666666666668
02/01/2016;0.0;-1.7;0.00;7.866666666666667;16.55;8.683333333333334
03/01/2016;0.0;-4.7;0.00;7.866666666666667;16.583333333333332;8.716666666666665
04/01/2016;0.0;-3.6;0.00;7.866666666666667;16.6;8.733333333333334
05/01/2016;1.3;-4.0;0.00;7.85;16.616666666666667;8.766666666666667
06/01/2016;0.0;-5.3;0.01;7.85;16.633333333333333;8.783333333333333
07/01/2016;0.8;-3.9;0.01;7.85;16.65;8.799999999999999
08/01/2016;2.5;0.2;0.03;7.833333333333333;16.683333333333334;8.850000000000001
09/01/2016;0.0;0.6;0.01;7.833333333333333;16.7;8.866666666666667
10/01/2016;2.4;1.1;0.00;7.816666666666666;16.733333333333334;8.916666666666668
11/01/2016;0.8;1.1;0.03;7.8;16.75;8.95
12/01/2016;3.1;2.0;0.00;7.8;16.766666666666666;8.966666666666665
13/01/2016;1.0;-1.9;0.00;7.783333333333333;16.8;9.016666666666667
14/01/2016;4.0;-3.0;0.02;7.766666666666667;16.833333333333332;9.066666666666666
15/01/2016;0.0;-5.8;0.03;7.75;16.85;9.100000000000001
16/01/2016;0.0;-7.8;0.03;7.75;16.883333333333333;9.133333333333333
